87066 15581
12848 643
38933 12166
91883 15345
64749 31652
15216 11864
40894 12138
70881 60070
66977 10668
9146 1161
47782 11568
31183 31154
70233 4926
924 715
47466 21936
32890 26554
33425 19633
46304 11585
15421 5038
23232 9048
93976 57182
40198 24970
15463 4160
99660 82683
26052 1531
50954 46578
79146 65099
56466 29414
31465 10495
58144 6539
2050 152
46961 33342
61509 46698
95768 16951
31686 16503
21743 5263
94428 65294
82387 38967
85982 11695
35298 1940
84839 79097
44433 14708
49429 18728
87398 75531
72218 4983
77793 23548
52772 42222
12774 3313
84957 12136
17056 9624
43326 18899
81911 17086
49376 12052
59140 13631
13928 4098
78171 24326
77708 67649
83050 43774
93243 21217
68939 10514
99242 22324
18408 17079
60432 27184
6776 6345
55747 43840
755 399
65262 57080
26782 23281
39187 38060
74937 13074
50399 7862
25076 1875
6977 200
89232 41992
44134 12188
62852 21680
85297 31272
92443 31002
66235 61966
15935 704
57524 46883
56078 51421
8972 3648
1738 161
88176 60744
