4541 1105
66980 48810
86837 33074
99012 13038
11825 11765
23542 13814
75811 41077
30219 14459
73249 66065
50579 47005
14460 3885
38047 36036
47409 10460
92613 68060
77936 3315
46216 28969
94771 67145
49499 30466
44384 30316
33542 27121
13698 7025
61907 49124
91929 35739
24088 2593
8591 2982
35559 30681
91902 19675
25894 1141
7241 2679
72127 31563
53762 7691
70546 14707
38914 6936
57948 20261
16377 5120
18650 3086
41022 27338
76628 30288
48729 28251
25484 6278
52707 46478
3395 921
74255 70075
55548 4853
58425 55562
11515 3372
2070 1202
39449 23142
55213 48242
76431 42606
21638 2819
1576 987
94775 85396
26428 17562
26211 11016
69080 51988
49605 5677
52551 6834
54532 6798
56802 10215
82491 24637
21261 12216
97159 44870
3376 885
24436 21882
95588 9666
48056 3144
77388 17498
6050 3163
24743 15092
29633 18421
47948 1361
46995 31819
99593 28114
88634 22024
42187 17229
3390 799
2242 1004
68107 17981
48877 10492
73652 13178
93909 2429
88529 72924
67701 12864
31786 24549
35139 6105
48083 3655
