43871 4477
38998 1042
80913 41563
22285 16983
64624 53776
86620 10833
71271 33266
79763 46791
45364 30664
33917 29773
1235 1121
14847 5958
35076 16470
45679 1188
8983 4294
24571 15927
59595 33059
71167 44202
27309 17116
274 258
85767 21083
16680 8313
18549 8882
52539 25248
27714 10761
35160 14019
47567 32629
55991 42299
34840 3779
77501 250
93029 84979
28846 16995
31972 30742
89320 29565
63307 11974
43826 30712
76607 15335
63381 62478
87297 57489
12175 7296
70879 54666
97062 55083
29517 11792
80868 69650
73018 71927
36987 36252
90037 1106
42870 11082
59850 30973
87922 30573
1649 1030
93230 57741
8319 2911
4649 1143
80767 67643
13246 4942
92085 26432
27736 11997
7036 2179
3884 1090
56997 26825
43596 10354
59831 143
58446 8069
79765 40844
21928 8283
38011 23736
45336 8156
75416 69977
72865 72485
14796 13784
19063 6714
29041 22770
63079 21856
34446 5255
36561 7883
40994 13275
61087 26039
51780 18020
51067 8447
71286 62270
27144 21437
75061 25623
