96142 1261
50476 44642
73196 3711
16396 7043
84774 55151
94693 16494
49542 38516
99301 64057
94821 69310
28382 19137
903 275
77225 35686
18034 6301
29972 3875
57315 8640
90267 24006
38649 2811
46513 15343
73744 62933
70398 35181
64891 37784
24815 17303
75530 19187
53800 21842
65765 49739
60651 9619
55862 4720
19069 2296
42346 16704
39770 18454
64245 1894
95789 17723
65335 1195
39666 16758
91435 56993
77872 25256
46037 18342
11554 5982
82215 54711
78041 72619
64682 13138
69330 46812
9848 9816
35612 12955
62003 61316
2154 686
52285 17597
36425 3741
87232 77983
50355 40355
95951 58943
40319 29733
20726 19757
5541 291
76314 55647
88530 64625
35287 1219
87791 28514
94161 66300
75412 43273
648 551
62185 18702
77724 70030
32237 9757
90796 6476
58935 41173
95936 43241
89834 32425
72817 60897
17284 2918
80802 14547
25434 4375
55185 24077
66416 10992
882 777
72136 51397
23079 624
87754 19349
84428 47285
74645 60762
77691 54399
28045 1569
50946 29688
94592 13193
70537 34565
92085 63494
12396 1218
64241 48184
40603 30745
16367 6365
75915 36923
29847 20778
47929 18307
49290 15260
88757 76736
41015 33969
9650 6914
49904 44057
41326 4728
